threshold F1 Macro F1 Micro
0.94 0.81312213233808 0.967037037037037
0.941 0.8178096673339481 0.9683950617283951
0.942 0.8226966166428451 0.97
0.943 0.8223030548472146 0.9704938271604938
0.944 0.8259187620889749 0.971604938271605
0.945 0.8328065375931099 0.9733333333333334
0.946 0.8340170993705176 0.9738271604938271
0.947 0.8368378418866185 0.9745679012345679
0.948 0.8414257038628746 0.975679012345679
0.949 0.8405767994858612 0.9758024691358025
0.95 0.8424131539621054 0.9762962962962963
0.951 0.8472559709849202 0.9774074074074074
0.952 0.8493386071438871 0.9780246913580247
0.953 0.851781685583915 0.9788888888888889
0.954 0.8512755027320804 0.9792592592592593
0.955 0.8523734190648958 0.9801234567901235
0.956 0.8513157130409527 0.9804938271604938
0.957 0.8547631240344438 0.9814814814814815
0.958 0.8489992150706437 0.9812345679012345
0.959 0.8462737503662169 0.981358024691358
0.96 0.8452229299363057 0.9814814814814815
0.961 0.8451486996733274 0.9819753086419754
0.962 0.8449267843695089 0.9823456790123457
0.963 0.8445553754291877 0.9825925925925926
0.964 0.8456162642947903 0.9829629629629629
0.965 0.8369234438423501 0.9823456790123457
0.966 0.8333950388744908 0.9824691358024691
0.967 0.8272322177682483 0.9823456790123457
0.968 0.8215455387068411 0.9820987654320987
0.969 0.8071953938477081 0.9811111111111112
0.97 0.8000632911392405 0.9807407407407407
0.971 0.7955063160074549 0.9804938271604938
0.972 0.7842516975288216 0.9798765432098765
0.973 0.7755614324048674 0.9793827160493828
0.974 0.7618823961922809 0.9785185185185186
0.975 0.7538372231991941 0.9780246913580247
0.976 0.7379272978669189 0.9771604938271605
0.977 0.7151452661254536 0.9760493827160494
0.978 0.6989414967199028 0.9751851851851852
0.979 0.6746207001851832 0.9739506172839506
0.98 0.6572529025864663 0.9732098765432099
